<?xml version="1.0"?>
<opencv_storage>
<calibration_date>"Wed Mar 13 11:20:18 2019&#x0a;"</calibration_date>
<width>640</width>
<height>480</height>
<camera_matrix_l type_id="opencv-matrix">
  <rows>3</rows>
  <cols>3</cols>
  <dt>d</dt>
  <data>
    6.5109556884999631e+02 0. 3.0543509989804983e+02 0.
    6.5872535714145533e+02 2.6765263820977492e+02 0. 0. 1.</data></camera_matrix_l>
<dist_coeffs_l type_id="opencv-matrix">
  <rows>5</rows>
  <cols>1</cols>
  <dt>d</dt>
  <data>
    -5.9670284487667313e-01 9.9986299862174388e-01
    -1.9416231620981585e-02 1.2147688754633791e-03
    -1.2232548623983917e+00</data></dist_coeffs_l>
<camera_matrix_r type_id="opencv-matrix">
  <rows>3</rows>
  <cols>3</cols>
  <dt>d</dt>
  <data>
    6.4645587536368032e+02 0. 2.9688414048933720e+02 0.
    6.4836800049591136e+02 2.3943057846459553e+02 0. 0. 1.</data></camera_matrix_r>
<dist_coeffs_r type_id="opencv-matrix">
  <rows>5</rows>
  <cols>1</cols>
  <dt>d</dt>
  <data>
    -4.8979966280883303e-01 4.6004773520975234e-01
    -1.5140611251722022e-03 8.4806854169131272e-03
    -5.1057211255276558e-01</data></dist_coeffs_r>
<R type_id="opencv-matrix">
  <rows>3</rows>
  <cols>3</cols>
  <dt>d</dt>
  <data>
    9.9983540846205066e-01 1.8033280934151706e-02
    -1.9891617013814856e-03 -1.7938508007792196e-02
    9.9902646158284003e-01 4.0303089059334073e-02 2.7140221035683578e-03
    -4.0260772918812658e-02 9.9918552043552011e-01</data></R>
<F type_id="opencv-matrix">
  <rows>3</rows>
  <cols>3</cols>
  <dt>d</dt>
  <data>
    5.3186993196897205e-07 -3.4355414542484472e-05
    -2.2068730742101215e-02 3.6155542843709222e-05
    6.3587151472246439e-06 -1.0609486182281658e-01
    1.9461613568971192e-02 1.0103171526198719e-01 1.</data></F>
<E type_id="opencv-matrix">
  <rows>3</rows>
  <cols>3</cols>
  <dt>d</dt>
  <data>
    -1.6674706928792849e-02 1.0897016426149382e+00
    1.4975823435964415e+00 -1.1368687857474018e+00
    -2.0228536721244936e-01 4.5082079081285720e+00
    -1.3713106458900393e+00 -4.5313968300720173e+00
    -1.7886145037295487e-01</data></E>
<T>
  -4.5095947431357386e+00 1.4524451074757039e+00 -1.1492970901340336e+00</T>
<R1 type_id="opencv-matrix">
  <rows>3</rows>
  <cols>3</cols>
  <dt>d</dt>
  <data>
    9.3085174844544016e-01 -2.9044946881270062e-01
    2.2170730362910282e-01 2.8572552994852685e-01 9.5679867874150759e-01
    5.3825736354821602e-02 -2.2776291171237822e-01
    1.3243656025635400e-02 9.7362655141659626e-01</data></R1>
<R2 type_id="opencv-matrix">
  <rows>3</rows>
  <cols>3</cols>
  <dt>d</dt>
  <data>
    9.2501976957899124e-01 -2.9792930743685425e-01
    2.3574679988968347e-01 3.0282565322198440e-01 9.5291105220924566e-01
    1.6035907462523990e-02 -2.2942329794227198e-01
    5.6556647245611893e-02 9.7168219908240927e-01</data></R2>
<P1 type_id="opencv-matrix">
  <rows>3</rows>
  <cols>4</cols>
  <dt>d</dt>
  <data>
    5.1379021209926157e+02 0. 3.3259272098541260e+02 0. 0.
    5.1379021209926157e+02 3.9634605336189270e+02 0. 0. 0. 1. 0.</data></P1>
<P2 type_id="opencv-matrix">
  <rows>3</rows>
  <cols>4</cols>
  <dt>d</dt>
  <data>
    5.1379021209926157e+02 0. 3.3259272098541260e+02
    -2.5047958062690564e+03 0. 5.1379021209926157e+02
    3.9634605336189270e+02 0. 0. 0. 1. 0.</data></P2>
<Q type_id="opencv-matrix">
  <rows>4</rows>
  <cols>4</cols>
  <dt>d</dt>
  <data>
    1. 0. 0. -3.3259272098541260e+02 0. 1. 0. -3.9634605336189270e+02 0.
    0. 0. 5.1379021209926157e+02 0. 0. 2.0512259355167253e-01 0.</data></Q>
</opencv_storage>
