<?xml version="1.0"?>
<opencv_storage>
<calibration_date>"Wed Feb  6 18:49:30 2019&#x0a;"</calibration_date>
<width>640</width>
<height>480</height>
<camera_matrix type_id="opencv-matrix">
  <rows>3</rows>
  <cols>3</cols>
  <dt>d</dt>
  <data>
    6.8951443178428781e+02 0. 3.1035405968902893e+02 0.
    6.9352657261473757e+02 2.4764308523254348e+02 0. 0. 1.</data></camera_matrix>
<dist_coeffs type_id="opencv-matrix">
  <rows>5</rows>
  <cols>1</cols>
  <dt>d</dt>
  <data>
    -6.7368276866169297e-01 1.4474884194801627e+00
    -2.1196507886223665e-03 4.1062491992465821e-04
    -2.4153655335646769e+00</data></dist_coeffs>
<rvecs>
  <_ type_id="opencv-matrix">
    <rows>3</rows>
    <cols>1</cols>
    <dt>d</dt>
    <data>
      -2.1437638367265226e+00 -2.1877832462105427e+00
      5.6247743010421636e-01</data></_>
  <_ type_id="opencv-matrix">
    <rows>3</rows>
    <cols>1</cols>
    <dt>d</dt>
    <data>
      -2.1467939898025912e+00 -2.1800151597159907e+00
      5.9667349560057403e-01</data></_>
  <_ type_id="opencv-matrix">
    <rows>3</rows>
    <cols>1</cols>
    <dt>d</dt>
    <data>
      1.7321611860913761e+00 1.9786259503734949e+00
      2.6901862820028227e-01</data></_>
  <_ type_id="opencv-matrix">
    <rows>3</rows>
    <cols>1</cols>
    <dt>d</dt>
    <data>
      1.7161377493590231e+00 1.9553572185120300e+00
      2.8866128110505240e-01</data></_>
  <_ type_id="opencv-matrix">
    <rows>3</rows>
    <cols>1</cols>
    <dt>d</dt>
    <data>
      1.5929086258234639e+00 2.2474929713203742e+00
      -2.2203640953330397e-01</data></_>
  <_ type_id="opencv-matrix">
    <rows>3</rows>
    <cols>1</cols>
    <dt>d</dt>
    <data>
      1.5783502981301358e+00 2.2706760480091543e+00
      -2.3700179544318414e-01</data></_>
  <_ type_id="opencv-matrix">
    <rows>3</rows>
    <cols>1</cols>
    <dt>d</dt>
    <data>
      1.5635880911586924e+00 2.2916600691614688e+00
      -2.4510710695715038e-01</data></_>
  <_ type_id="opencv-matrix">
    <rows>3</rows>
    <cols>1</cols>
    <dt>d</dt>
    <data>
      1.5736360798359059e+00 2.2714395478602269e+00
      -2.4671239240255355e-01</data></_>
  <_ type_id="opencv-matrix">
    <rows>3</rows>
    <cols>1</cols>
    <dt>d</dt>
    <data>
      1.6695715002126070e+00 2.1569692684435879e+00
      -2.7649120398410848e-01</data></_>
  <_ type_id="opencv-matrix">
    <rows>3</rows>
    <cols>1</cols>
    <dt>d</dt>
    <data>
      1.9881635352804212e+00 1.7440686369173530e+00
      -2.1191383490598650e-01</data></_>
  <_ type_id="opencv-matrix">
    <rows>3</rows>
    <cols>1</cols>
    <dt>d</dt>
    <data>
      2.1586460118068898e+00 1.9059803245382911e+00
      -8.1137673345006399e-03</data></_>
  <_ type_id="opencv-matrix">
    <rows>3</rows>
    <cols>1</cols>
    <dt>d</dt>
    <data>
      2.2430925225668159e+00 2.1653202596147012e+00
      3.5214669637467805e-01</data></_>
  <_ type_id="opencv-matrix">
    <rows>3</rows>
    <cols>1</cols>
    <dt>d</dt>
    <data>
      -2.0649795798186301e+00 -2.0215365787391635e+00
      -6.6735270537252056e-01</data></_>
  <_ type_id="opencv-matrix">
    <rows>3</rows>
    <cols>1</cols>
    <dt>d</dt>
    <data>
      -2.0715051252162526e+00 -2.1517405909327505e+00
      -6.0855651873395256e-01</data></_>
  <_ type_id="opencv-matrix">
    <rows>3</rows>
    <cols>1</cols>
    <dt>d</dt>
    <data>
      1.8702209300307540e+00 2.0192773370901866e+00
      2.7840533302000885e-03</data></_>
  <_ type_id="opencv-matrix">
    <rows>3</rows>
    <cols>1</cols>
    <dt>d</dt>
    <data>
      1.8746842502987255e+00 2.0222593276852781e+00
      2.7823779983360509e-03</data></_>
  <_ type_id="opencv-matrix">
    <rows>3</rows>
    <cols>1</cols>
    <dt>d</dt>
    <data>
      1.8494453924754537e+00 2.0807647214823284e+00
      -7.7666526874398720e-02</data></_>
  <_ type_id="opencv-matrix">
    <rows>3</rows>
    <cols>1</cols>
    <dt>d</dt>
    <data>
      1.9814458986801176e+00 2.1471475913861040e+00
      -1.6628484665090293e-01</data></_>
  <_ type_id="opencv-matrix">
    <rows>3</rows>
    <cols>1</cols>
    <dt>d</dt>
    <data>
      1.9822395677590390e+00 2.1482051676216058e+00
      -1.6838740170085603e-01</data></_>
  <_ type_id="opencv-matrix">
    <rows>3</rows>
    <cols>1</cols>
    <dt>d</dt>
    <data>
      1.9831937154819805e+00 2.1494413241872041e+00
      -1.6970000425004883e-01</data></_>
  <_ type_id="opencv-matrix">
    <rows>3</rows>
    <cols>1</cols>
    <dt>d</dt>
    <data>
      2.1049839663615333e+00 1.9153235990867834e+00
      -1.0311358789431667e-01</data></_>
  <_ type_id="opencv-matrix">
    <rows>3</rows>
    <cols>1</cols>
    <dt>d</dt>
    <data>
      2.1070997108215512e+00 1.9069407283517665e+00
      -9.8169100224696701e-02</data></_>
  <_ type_id="opencv-matrix">
    <rows>3</rows>
    <cols>1</cols>
    <dt>d</dt>
    <data>
      2.1052596396129477e+00 1.9037777052647338e+00
      -1.0441887369579807e-01</data></_>
  <_ type_id="opencv-matrix">
    <rows>3</rows>
    <cols>1</cols>
    <dt>d</dt>
    <data>
      1.8410779303456615e+00 2.1136450719123601e+00
      -6.5844620731930648e-02</data></_>
  <_ type_id="opencv-matrix">
    <rows>3</rows>
    <cols>1</cols>
    <dt>d</dt>
    <data>
      1.8402694815518796e+00 2.1187066071155654e+00
      -7.3091193414452499e-02</data></_>
  <_ type_id="opencv-matrix">
    <rows>3</rows>
    <cols>1</cols>
    <dt>d</dt>
    <data>
      1.8410865742576392e+00 2.1195383092687607e+00
      -8.2554764467333716e-02</data></_>
  <_ type_id="opencv-matrix">
    <rows>3</rows>
    <cols>1</cols>
    <dt>d</dt>
    <data>
      1.8438719005399784e+00 2.1138952602269208e+00
      -8.8223387071058409e-02</data></_>
  <_ type_id="opencv-matrix">
    <rows>3</rows>
    <cols>1</cols>
    <dt>d</dt>
    <data>
      1.8464504836593607e+00 2.1050700434786851e+00
      -9.6352683210913448e-02</data></_>
  <_ type_id="opencv-matrix">
    <rows>3</rows>
    <cols>1</cols>
    <dt>d</dt>
    <data>
      1.9268517719733294e+00 2.0870656816472462e+00
      -2.6591135216517192e-01</data></_>
  <_ type_id="opencv-matrix">
    <rows>3</rows>
    <cols>1</cols>
    <dt>d</dt>
    <data>
      1.9230532824943432e+00 2.0847676541749394e+00
      -2.7612000992569280e-01</data></_></rvecs>
