<?xml version="1.0"?>
<opencv_storage>
<calibration_date>"Wed Feb  6 18:49:35 2019&#x0a;"</calibration_date>
<width>640</width>
<height>480</height>
<camera_matrix_l type_id="opencv-matrix">
  <rows>3</rows>
  <cols>3</cols>
  <dt>d</dt>
  <data>
    6.8951443178428781e+02 0. 3.1035405968902893e+02 0.
    6.9352657261473757e+02 2.4764308523254348e+02 0. 0. 1.</data></camera_matrix_l>
<dist_coeffs_l type_id="opencv-matrix">
  <rows>5</rows>
  <cols>1</cols>
  <dt>d</dt>
  <data>
    -6.7368276866169297e-01 1.4474884194801627e+00
    -2.1196507886223665e-03 4.1062491992465821e-04
    -2.4153655335646769e+00</data></dist_coeffs_l>
<camera_matrix_r type_id="opencv-matrix">
  <rows>3</rows>
  <cols>3</cols>
  <dt>d</dt>
  <data>
    6.3814703479833395e+02 0. 2.9871318843741977e+02 0.
    6.3771108296963416e+02 2.3090646028203727e+02 0. 0. 1.</data></camera_matrix_r>
<dist_coeffs_r type_id="opencv-matrix">
  <rows>5</rows>
  <cols>1</cols>
  <dt>d</dt>
  <data>
    -4.7717449330775941e-01 4.4998757091800556e-01
    4.2460595223366192e-03 1.0302036868361081e-02
    -5.4781881644814567e-01</data></dist_coeffs_r>
<R type_id="opencv-matrix">
  <rows>3</rows>
  <cols>3</cols>
  <dt>d</dt>
  <data>
    9.9991690317181414e-01 8.9157543187436076e-03 9.3110727747509250e-03
    -9.4028185144152312e-03 9.9851565840335232e-01
    5.3647618095352297e-02 -8.8189429793980017e-03
    -5.3730710475924336e-02 9.9851651813902331e-01</data></R>
<F type_id="opencv-matrix">
  <rows>3</rows>
  <cols>3</cols>
  <dt>d</dt>
  <data>
    2.4268368312215207e-07 -2.7726574358115690e-05
    7.2336836291149982e-03 2.8049437974710232e-05 1.5695649781544522e-06
    -2.5964485805052850e-02 -8.0616388023577942e-03
    2.3584863534920307e-02 1.</data></F>
<E type_id="opencv-matrix">
  <rows>3</rows>
  <cols>3</cols>
  <dt>d</dt>
  <data>
    -4.6572321134453305e-04 5.3518417931111166e-02
    -1.2321410063384363e-03 -5.3791626827803501e-02
    -3.0275377019847007e-03 4.6921950806970106e-02
    4.5479819438481008e-03 -4.7382338954504562e-02
    -2.5095011420267653e-03</data></E>
<T>
  -4.7489399985550074e-02 -4.1017885800463906e-03
  -5.3377255997875801e-02</T>
<R1 type_id="opencv-matrix">
  <rows>3</rows>
  <cols>3</cols>
  <dt>d</dt>
  <data>
    6.5643484359352644e-01 2.3072206771187175e-02 7.5402981996141893e-01
    -4.4813333566962071e-02 9.9895967067720071e-01
    8.4463894721268883e-03 -7.5305050378507710e-01
    -3.9335094193433062e-02 6.5678587767539220e-01</data></R1>
<R2 type_id="opencv-matrix">
  <rows>3</rows>
  <cols>3</cols>
  <dt>d</dt>
  <data>
    6.6360682859526887e-01 5.7317525847896816e-02 7.4588248288346670e-01
    -3.5824485775933029e-02 9.9835137360388260e-01
    -4.4845747202279594e-02 -7.4722324860821832e-01
    3.0390876783135332e-03 6.6456615975045275e-01</data></R2>
<P1 type_id="opencv-matrix">
  <rows>3</rows>
  <cols>4</cols>
  <dt>d</dt>
  <data>
    5.1798928266202222e+02 0. -6.5498413085937500e+01 0. 0.
    5.1798928266202222e+02 8.0433412432670593e+01 0. 0. 0. 1. 0.</data></P1>
<P2 type_id="opencv-matrix">
  <rows>3</rows>
  <cols>4</cols>
  <dt>d</dt>
  <data>
    5.1798928266202222e+02 0. -6.5498413085937500e+01
    -3.7068636386151113e+01 0. 5.1798928266202222e+02
    8.0433412432670593e+01 0. 0. 0. 1. 0.</data></P2>
<Q type_id="opencv-matrix">
  <rows>4</rows>
  <cols>4</cols>
  <dt>d</dt>
  <data>
    1. 0. 0. 6.5498413085937500e+01 0. 1. 0. -8.0433412432670593e+01 0.
    0. 0. 5.1798928266202222e+02 0. 0. 1.3973788441150850e+01 0.</data></Q>
</opencv_storage>
