<?xml version="1.0"?>
<opencv_storage>
<calibration_date>"Sat Apr  6 14:18:33 2019&#x0a;"</calibration_date>
<width>640</width>
<height>480</height>
<camera_matrix_l type_id="opencv-matrix">
  <rows>3</rows>
  <cols>3</cols>
  <dt>d</dt>
  <data>
    6.5250016764067277e+02 0. 2.9509244446233566e+02 0.
    6.5291106947286812e+02 2.3745798434503493e+02 0. 0. 1.</data></camera_matrix_l>
<dist_coeffs_l type_id="opencv-matrix">
  <rows>5</rows>
  <cols>1</cols>
  <dt>d</dt>
  <data>
    -5.0739826072193595e-01 4.5752006316409677e-01
    -9.1729233391828592e-04 8.7839152678237872e-03
    -4.4218279675712296e-01</data></dist_coeffs_l>
<camera_matrix_r type_id="opencv-matrix">
  <rows>3</rows>
  <cols>3</cols>
  <dt>d</dt>
  <data>
    6.4582592153259282e+02 0. 2.9548460969436104e+02 0.
    6.4444791797840912e+02 2.2337681972104568e+02 0. 0. 1.</data></camera_matrix_r>
<dist_coeffs_r type_id="opencv-matrix">
  <rows>5</rows>
  <cols>1</cols>
  <dt>d</dt>
  <data>
    -4.7793983581833271e-01 4.0120636698288564e-01
    6.6803381478124039e-03 9.6075757752500553e-03
    -4.4437551797585123e-01</data></dist_coeffs_r>
<R type_id="opencv-matrix">
  <rows>3</rows>
  <cols>3</cols>
  <dt>d</dt>
  <data>
    9.9990601450330019e-01 1.3161982304045921e-02
    -3.8372362390030786e-03 -1.3007818126795819e-02
    9.9920224384172562e-01 3.7758079522679157e-02 4.3311462346748951e-03
    -3.7704616739714293e-02 9.9927954199453373e-01</data></R>
<F type_id="opencv-matrix">
  <rows>3</rows>
  <cols>3</cols>
  <dt>d</dt>
  <data>
    2.4225824629319129e-07 -2.0165516734958151e-05
    7.4646709997565547e-04 2.0141084411837619e-05 2.8408606043978704e-06
    -5.1175420324460222e-02 -1.7081209638662106e-03
    4.9295084817856993e-02 1.</data></F>
<E type_id="opencv-matrix">
  <rows>3</rows>
  <cols>3</cols>
  <dt>d</dt>
  <data>
    -1.8180225654354766e-02 1.5142704924686301e+00
    4.5665274157051994e-01 -1.5082589205214574e+00
    -2.1287094168581039e-01 5.1136595742092465e+00
    -3.3262343762727242e-01 -5.1126450239900398e+00
    -1.9146762478937496e-01</data></E>
<T>
  -5.1114691245585320e+00 3.9915001267246086e-01 -1.5305412894572552e+00</T>
<R1 type_id="opencv-matrix">
  <rows>3</rows>
  <cols>3</cols>
  <dt>d</dt>
  <data>
    9.5742593401920195e-01 -7.2751185723644696e-02
    2.7936149670858845e-01 6.7224428362090527e-02 9.9730677443183147e-01
    2.9327016618915118e-02 -2.8074268841565414e-01
    -9.2985293557485710e-03 9.5973802688701004e-01</data></R1>
<R2 type_id="opencv-matrix">
  <rows>3</rows>
  <cols>3</cols>
  <dt>d</dt>
  <data>
    9.5530642398919463e-01 -7.4599016828513692e-02
    2.8605003578604271e-01 8.0232109666625154e-02 9.9674405549868772e-01
    -8.0060231370776783e-03 -2.8452143129019264e-01
    3.0598603174784252e-02 9.5818123579014647e-01</data></R2>
<P1 type_id="opencv-matrix">
  <rows>3</rows>
  <cols>4</cols>
  <dt>d</dt>
  <data>
    8.5537652909156316e+02 0. 2.4129302978515625e+01 0. 0.
    8.5537652909156316e+02 1.4716142272949219e+02 0. 0. 0. 1. 0.</data></P1>
<P2 type_id="opencv-matrix">
  <rows>3</rows>
  <cols>4</cols>
  <dt>d</dt>
  <data>
    8.5537652909156316e+02 0. -1.3936272621154785e+02
    -4.5767835414168867e+03 0. 8.5537652909156316e+02
    1.4716142272949219e+02 0. 0. 0. 1. 0.</data></P2>
<Q type_id="opencv-matrix">
  <rows>4</rows>
  <cols>4</cols>
  <dt>d</dt>
  <data>
    1. 0. 0. -2.4129302978515625e+01 0. 1. 0. -1.4716142272949219e+02 0.
    0. 0. 8.5537652909156316e+02 0. 0. 1.8689468736088716e-01
    -3.0555791681473952e+01</data></Q>
</opencv_storage>
