<?xml version="1.0"?>
<opencv_storage>
<calibration_date>"Tue Mar 12 13:54:49 2019&#x0a;"</calibration_date>
<width>640</width>
<height>480</height>
<camera_matrix type_id="opencv-matrix">
  <rows>3</rows>
  <cols>3</cols>
  <dt>d</dt>
  <data>
    6.6845191393071002e+02 0. 2.9946154449992832e+02 0.
    6.6969861430281935e+02 2.4180577637274848e+02 0. 0. 1.</data></camera_matrix>
<dist_coeffs type_id="opencv-matrix">
  <rows>5</rows>
  <cols>1</cols>
  <dt>d</dt>
  <data>
    -5.9316512808775113e-01 9.6755840489093781e-01
    -4.7151822849907351e-03 6.8138430042449499e-03
    -1.3476478081181118e+00</data></dist_coeffs>
<rvecs>
  <_ type_id="opencv-matrix">
    <rows>3</rows>
    <cols>1</cols>
    <dt>d</dt>
    <data>
      -2.1347083128750994e+00 -2.1755634689770864e+00
      5.9529394041306216e-01</data></_>
  <_ type_id="opencv-matrix">
    <rows>3</rows>
    <cols>1</cols>
    <dt>d</dt>
    <data>
      1.8626095416816306e+00 2.0366615539787571e+00
      -3.2827208583455697e-02</data></_>
  <_ type_id="opencv-matrix">
    <rows>3</rows>
    <cols>1</cols>
    <dt>d</dt>
    <data>
      1.8568457699038721e+00 2.0393156115570954e+00
      -3.8378057829511716e-02</data></_>
  <_ type_id="opencv-matrix">
    <rows>3</rows>
    <cols>1</cols>
    <dt>d</dt>
    <data>
      1.8359698793675743e+00 2.0800318241202742e+00
      -9.8560751225993198e-02</data></_>
  <_ type_id="opencv-matrix">
    <rows>3</rows>
    <cols>1</cols>
    <dt>d</dt>
    <data>
      1.9366191939219712e+00 2.1765534181492314e+00
      -6.5070954588613242e-02</data></_>
  <_ type_id="opencv-matrix">
    <rows>3</rows>
    <cols>1</cols>
    <dt>d</dt>
    <data>
      1.9672627073206870e+00 2.1422911253101398e+00
      -1.6181148644283846e-01</data></_>
  <_ type_id="opencv-matrix">
    <rows>3</rows>
    <cols>1</cols>
    <dt>d</dt>
    <data>
      1.9693414835941250e+00 2.1443479950680673e+00
      -1.6718719247908337e-01</data></_>
  <_ type_id="opencv-matrix">
    <rows>3</rows>
    <cols>1</cols>
    <dt>d</dt>
    <data>
      2.0464796170028872e+00 1.9869468427070942e+00
      -8.9094070765780575e-02</data></_>
  <_ type_id="opencv-matrix">
    <rows>3</rows>
    <cols>1</cols>
    <dt>d</dt>
    <data>
      2.0535681489365167e+00 1.9777486893751903e+00
      -9.8441927735547774e-02</data></_>
  <_ type_id="opencv-matrix">
    <rows>3</rows>
    <cols>1</cols>
    <dt>d</dt>
    <data>
      2.0911403471740098e+00 1.8974600271234121e+00
      -1.0959261331061997e-01</data></_>
  <_ type_id="opencv-matrix">
    <rows>3</rows>
    <cols>1</cols>
    <dt>d</dt>
    <data>
      1.8486782806149102e+00 2.1046299943747124e+00
      -1.3265396686969647e-01</data></_>
  <_ type_id="opencv-matrix">
    <rows>3</rows>
    <cols>1</cols>
    <dt>d</dt>
    <data>
      -2.1378173116881536e+00 -2.1679381990372995e+00
      6.2883224533843451e-01</data></_>
  <_ type_id="opencv-matrix">
    <rows>3</rows>
    <cols>1</cols>
    <dt>d</dt>
    <data>
      1.8567188354230579e+00 2.1071530702362491e+00
      -1.7910894719167650e-01</data></_>
  <_ type_id="opencv-matrix">
    <rows>3</rows>
    <cols>1</cols>
    <dt>d</dt>
    <data>
      1.8637109466035913e+00 2.1049288440487453e+00
      -1.8092595473027462e-01</data></_>
  <_ type_id="opencv-matrix">
    <rows>3</rows>
    <cols>1</cols>
    <dt>d</dt>
    <data>
      1.8669971738272237e+00 2.1027146101223342e+00
      -1.8033702223180295e-01</data></_>
  <_ type_id="opencv-matrix">
    <rows>3</rows>
    <cols>1</cols>
    <dt>d</dt>
    <data>
      1.8703492991215449e+00 2.1012341042448290e+00
      -1.8092196503860897e-01</data></_>
  <_ type_id="opencv-matrix">
    <rows>3</rows>
    <cols>1</cols>
    <dt>d</dt>
    <data>
      1.8735481443954878e+00 2.0971536536833959e+00
      -1.8509800831216719e-01</data></_>
  <_ type_id="opencv-matrix">
    <rows>3</rows>
    <cols>1</cols>
    <dt>d</dt>
    <data>
      -2.1364144354679473e+00 -2.1566513926774245e+00
      6.5799389780536954e-01</data></_>
  <_ type_id="opencv-matrix">
    <rows>3</rows>
    <cols>1</cols>
    <dt>d</dt>
    <data>
      1.6056390039598218e+00 1.9084090208808371e+00
      4.3443926432242119e-01</data></_>
  <_ type_id="opencv-matrix">
    <rows>3</rows>
    <cols>1</cols>
    <dt>d</dt>
    <data>
      1.6449433773578170e+00 2.2129008693168664e+00
      -3.1435256145356621e-01</data></_>
  <_ type_id="opencv-matrix">
    <rows>3</rows>
    <cols>1</cols>
    <dt>d</dt>
    <data>
      1.8572486632794429e+00 1.9357653372594938e+00
      -3.0526411704593415e-01</data></_>
  <_ type_id="opencv-matrix">
    <rows>3</rows>
    <cols>1</cols>
    <dt>d</dt>
    <data>
      2.1625416590110227e+00 1.9120595394181126e+00
      -2.8770600914924834e-02</data></_>
  <_ type_id="opencv-matrix">
    <rows>3</rows>
    <cols>1</cols>
    <dt>d</dt>
    <data>
      2.1610603306354985e+00 1.9065348506124296e+00
      -2.7911518433267307e-02</data></_>
  <_ type_id="opencv-matrix">
    <rows>3</rows>
    <cols>1</cols>
    <dt>d</dt>
    <data>
      2.1588642804016716e+00 1.9006714611360671e+00
      -3.5842566458367135e-02</data></_>
  <_ type_id="opencv-matrix">
    <rows>3</rows>
    <cols>1</cols>
    <dt>d</dt>
    <data>
      -2.0667618535275580e+00 -2.0241179667366382e+00
      -6.6913092178617395e-01</data></_></rvecs>
