<?xml version="1.0"?>
<opencv_storage>
<calibration_date>"Tue Mar 12 13:54:49 2019&#x0a;"</calibration_date>
<width>640</width>
<height>480</height>
<camera_matrix type_id="opencv-matrix">
  <rows>3</rows>
  <cols>3</cols>
  <dt>d</dt>
  <data>
    6.4738972298847693e+02 0. 2.9333535143397648e+02 0.
    6.4451950603632031e+02 2.2295610586485651e+02 0. 0. 1.</data></camera_matrix>
<dist_coeffs type_id="opencv-matrix">
  <rows>5</rows>
  <cols>1</cols>
  <dt>d</dt>
  <data>
    -4.9977346017456792e-01 5.8992813772469888e-01
    6.4785239314293190e-03 1.1549279422397418e-02
    -8.8725873927159249e-01</data></dist_coeffs>
<rvecs>
  <_ type_id="opencv-matrix">
    <rows>3</rows>
    <cols>1</cols>
    <dt>d</dt>
    <data>
      -2.1385554470016714e+00 -2.1312320274283594e+00
      7.5435539235152416e-01</data></_>
  <_ type_id="opencv-matrix">
    <rows>3</rows>
    <cols>1</cols>
    <dt>d</dt>
    <data>
      1.8441652897759941e+00 2.0698702534395372e+00
      -1.0242114434490918e-01</data></_>
  <_ type_id="opencv-matrix">
    <rows>3</rows>
    <cols>1</cols>
    <dt>d</dt>
    <data>
      1.8473498323905972e+00 2.0800722562469605e+00
      -1.0328078004880667e-01</data></_>
  <_ type_id="opencv-matrix">
    <rows>3</rows>
    <cols>1</cols>
    <dt>d</dt>
    <data>
      1.8269422116489940e+00 2.1036105764769877e+00
      -1.4727971419673833e-01</data></_>
  <_ type_id="opencv-matrix">
    <rows>3</rows>
    <cols>1</cols>
    <dt>d</dt>
    <data>
      1.9268516833384541e+00 2.1601124515987387e+00
      -1.2641478589427504e-01</data></_>
  <_ type_id="opencv-matrix">
    <rows>3</rows>
    <cols>1</cols>
    <dt>d</dt>
    <data>
      1.9589175798700034e+00 2.1565088276370248e+00
      -2.2446431803718164e-01</data></_>
  <_ type_id="opencv-matrix">
    <rows>3</rows>
    <cols>1</cols>
    <dt>d</dt>
    <data>
      1.9616721304338463e+00 2.1602550185990017e+00
      -2.2515785276280784e-01</data></_>
  <_ type_id="opencv-matrix">
    <rows>3</rows>
    <cols>1</cols>
    <dt>d</dt>
    <data>
      2.0463163175242296e+00 1.9577359485457893e+00
      -1.4569036881998410e-01</data></_>
  <_ type_id="opencv-matrix">
    <rows>3</rows>
    <cols>1</cols>
    <dt>d</dt>
    <data>
      2.0506593904738959e+00 1.9510355074319015e+00
      -1.4859718341245770e-01</data></_>
  <_ type_id="opencv-matrix">
    <rows>3</rows>
    <cols>1</cols>
    <dt>d</dt>
    <data>
      2.0824461278487818e+00 1.8885203194668947e+00
      -1.2746613241183960e-01</data></_>
  <_ type_id="opencv-matrix">
    <rows>3</rows>
    <cols>1</cols>
    <dt>d</dt>
    <data>
      1.8365178796690926e+00 2.1193012020486788e+00
      -2.1058948911828010e-01</data></_>
  <_ type_id="opencv-matrix">
    <rows>3</rows>
    <cols>1</cols>
    <dt>d</dt>
    <data>
      -2.1293296021140264e+00 -2.1201831377465052e+00
      7.5802997565062391e-01</data></_>
  <_ type_id="opencv-matrix">
    <rows>3</rows>
    <cols>1</cols>
    <dt>d</dt>
    <data>
      1.8569506457122471e+00 2.1118946174183217e+00
      -2.2329572940959702e-01</data></_>
  <_ type_id="opencv-matrix">
    <rows>3</rows>
    <cols>1</cols>
    <dt>d</dt>
    <data>
      1.8616711914146400e+00 2.1088454279961142e+00
      -2.3004748338341427e-01</data></_>
  <_ type_id="opencv-matrix">
    <rows>3</rows>
    <cols>1</cols>
    <dt>d</dt>
    <data>
      1.8643532114894634e+00 2.1037731360461027e+00
      -2.3271965047917606e-01</data></_>
  <_ type_id="opencv-matrix">
    <rows>3</rows>
    <cols>1</cols>
    <dt>d</dt>
    <data>
      1.8693808277081605e+00 2.1025170140831970e+00
      -2.3694859407917229e-01</data></_>
  <_ type_id="opencv-matrix">
    <rows>3</rows>
    <cols>1</cols>
    <dt>d</dt>
    <data>
      1.8755387668169350e+00 2.1046580526237579e+00
      -2.3278267042501286e-01</data></_>
  <_ type_id="opencv-matrix">
    <rows>3</rows>
    <cols>1</cols>
    <dt>d</dt>
    <data>
      -2.1203183904384617e+00 -2.1079043977930749e+00
      7.5500765410923565e-01</data></_>
  <_ type_id="opencv-matrix">
    <rows>3</rows>
    <cols>1</cols>
    <dt>d</dt>
    <data>
      1.5515373333009521e+00 1.8640557699957452e+00
      3.6905577523863664e-01</data></_>
  <_ type_id="opencv-matrix">
    <rows>3</rows>
    <cols>1</cols>
    <dt>d</dt>
    <data>
      1.6497322420533937e+00 2.1869880391336780e+00
      -3.5703567657608876e-01</data></_>
  <_ type_id="opencv-matrix">
    <rows>3</rows>
    <cols>1</cols>
    <dt>d</dt>
    <data>
      1.8811480221305117e+00 1.8735647728585916e+00
      -3.4656805800536128e-01</data></_>
  <_ type_id="opencv-matrix">
    <rows>3</rows>
    <cols>1</cols>
    <dt>d</dt>
    <data>
      2.1434693272029364e+00 1.8940839291190703e+00
      -1.0511857674846573e-01</data></_>
  <_ type_id="opencv-matrix">
    <rows>3</rows>
    <cols>1</cols>
    <dt>d</dt>
    <data>
      2.1457999460532586e+00 1.8924007538161696e+00
      -1.0643089062347884e-01</data></_>
  <_ type_id="opencv-matrix">
    <rows>3</rows>
    <cols>1</cols>
    <dt>d</dt>
    <data>
      2.1577245118659736e+00 1.9013551558963542e+00
      -9.2367893148021393e-02</data></_>
  <_ type_id="opencv-matrix">
    <rows>3</rows>
    <cols>1</cols>
    <dt>d</dt>
    <data>
      -2.1436651362310255e+00 -2.1279802015951583e+00
      -5.7716448094975181e-01</data></_></rvecs>
