<?xml version="1.0"?>
<opencv_storage>
<calibration_date>"Tue Mar 12 13:54:52 2019&#x0a;"</calibration_date>
<width>640</width>
<height>480</height>
<camera_matrix_l type_id="opencv-matrix">
  <rows>3</rows>
  <cols>3</cols>
  <dt>d</dt>
  <data>
    6.6845191393071002e+02 0. 2.9946154449992832e+02 0.
    6.6969861430281935e+02 2.4180577637274848e+02 0. 0. 1.</data></camera_matrix_l>
<dist_coeffs_l type_id="opencv-matrix">
  <rows>5</rows>
  <cols>1</cols>
  <dt>d</dt>
  <data>
    -5.9316512808775113e-01 9.6755840489093781e-01
    -4.7151822849907351e-03 6.8138430042449499e-03
    -1.3476478081181118e+00</data></dist_coeffs_l>
<camera_matrix_r type_id="opencv-matrix">
  <rows>3</rows>
  <cols>3</cols>
  <dt>d</dt>
  <data>
    6.4738972298847693e+02 0. 2.9333535143397648e+02 0.
    6.4451950603632031e+02 2.2295610586485651e+02 0. 0. 1.</data></camera_matrix_r>
<dist_coeffs_r type_id="opencv-matrix">
  <rows>5</rows>
  <cols>1</cols>
  <dt>d</dt>
  <data>
    -4.9977346017456792e-01 5.8992813772469888e-01
    6.4785239314293190e-03 1.1549279422397418e-02
    -8.8725873927159249e-01</data></dist_coeffs_r>
<R type_id="opencv-matrix">
  <rows>3</rows>
  <cols>3</cols>
  <dt>d</dt>
  <data>
    9.9978990631829534e-01 2.0387074006134584e-02
    -2.1237790663636473e-03 -2.0351734384010882e-02
    9.9967256829880891e-01 1.5510096660752254e-02 2.4392891622360257e-03
    -1.5463615499992251e-02 9.9987745572347586e-01</data></R>
<F type_id="opencv-matrix">
  <rows>3</rows>
  <cols>3</cols>
  <dt>d</dt>
  <data>
    2.3457576581835571e-06 -1.2212608666318047e-04
    -1.8123135683097973e-02 1.2358939582572288e-04
    4.9610997095712275e-06 -1.4394903713859988e-01
    1.3913789756823135e-02 1.3719135526042694e-01 1.</data></F>
<E type_id="opencv-matrix">
  <rows>3</rows>
  <cols>3</cols>
  <dt>d</dt>
  <data>
    -6.7799932562945568e-04 3.5364196033149380e-02
    2.0301358141809979e-02 -3.5562934747328773e-02
    -1.4302223769833585e-03 4.5517877185788848e-02
    -1.8821269880328836e-02 -4.5835438364493025e-02
    -6.6295231651550496e-04</data></E>
<T>
  -4.5447667358070890e-02 1.9750358160234047e-02 -3.5681291163592761e-02</T>
<R1 type_id="opencv-matrix">
  <rows>3</rows>
  <cols>3</cols>
  <dt>d</dt>
  <data>
    7.5212346233892191e-01 -3.1719741543586660e-01
    5.7766434634666386e-01 3.1087745403264372e-01 9.4366049795816442e-01
    1.1340226262085960e-01 -5.8108992933408643e-01
    9.4290318878213542e-02 8.0835872593320302e-01</data></R1>
<R2 type_id="opencv-matrix">
  <rows>3</rows>
  <cols>3</cols>
  <dt>d</dt>
  <data>
    7.4427188732242167e-01 -3.2344094202671414e-01
    5.8433322236750507e-01 3.2980977570087272e-01 9.3878349828031904e-01
    9.9554282724080151e-02 -5.8076231764264830e-01
    1.1862335510951393e-01 8.0538415059454815e-01</data></R2>
<P1 type_id="opencv-matrix">
  <rows>3</rows>
  <cols>4</cols>
  <dt>d</dt>
  <data>
    5.2045227008919801e+02 0. 1.2813321399688721e+02 0. 0.
    5.2045227008919801e+02 1.4573518085479736e+02 0. 0. 0. 1. 0.</data></P1>
<P2 type_id="opencv-matrix">
  <rows>3</rows>
  <cols>4</cols>
  <dt>d</dt>
  <data>
    5.2045227008919801e+02 0. 1.2813321399688721e+02
    -3.1780512000609807e+01 0. 5.2045227008919801e+02
    1.4573518085479736e+02 0. 0. 0. 1. 0.</data></P2>
<Q type_id="opencv-matrix">
  <rows>4</rows>
  <cols>4</cols>
  <dt>d</dt>
  <data>
    1. 0. 0. -1.2813321399688721e+02 0. 1. 0. -1.4573518085479736e+02 0.
    0. 0. 5.2045227008919801e+02 0. 0. 1.6376459576208575e+01 0.</data></Q>
</opencv_storage>
