<?xml version="1.0"?>
<opencv_storage>
<calibration_date>"Tue Mar 12 13:38:06 2019&#x0a;"</calibration_date>
<width>640</width>
<height>480</height>
<camera_matrix type_id="opencv-matrix">
  <rows>3</rows>
  <cols>3</cols>
  <dt>d</dt>
  <data>
    6.5867735380645263e+02 0. 3.1032216997551006e+02 0.
    6.5786242404787276e+02 2.3578877194842542e+02 0. 0. 1.</data></camera_matrix>
<dist_coeffs type_id="opencv-matrix">
  <rows>5</rows>
  <cols>1</cols>
  <dt>d</dt>
  <data>
    -5.2455429203093762e-01 5.9495443755817290e-01
    3.3834052604977860e-03 6.0506822122165967e-03
    -7.8116674046712076e-01</data></dist_coeffs>
<rvecs>
  <_ type_id="opencv-matrix">
    <rows>3</rows>
    <cols>1</cols>
    <dt>d</dt>
    <data>
      -2.1486941811040712e+00 -2.1502104654668064e+00
      7.0417712793999809e-01</data></_>
  <_ type_id="opencv-matrix">
    <rows>3</rows>
    <cols>1</cols>
    <dt>d</dt>
    <data>
      -2.1390643589822300e+00 -2.1392787604712242e+00
      7.0808282090597829e-01</data></_>
  <_ type_id="opencv-matrix">
    <rows>3</rows>
    <cols>1</cols>
    <dt>d</dt>
    <data>
      1.8800518979163499e+00 2.1114898149742984e+00
      1.7197623048305646e-01</data></_>
  <_ type_id="opencv-matrix">
    <rows>3</rows>
    <cols>1</cols>
    <dt>d</dt>
    <data>
      1.6032307469463845e+00 1.9301404093122412e+00
      4.0014635360812806e-01</data></_>
  <_ type_id="opencv-matrix">
    <rows>3</rows>
    <cols>1</cols>
    <dt>d</dt>
    <data>
      1.6373854919346489e+00 2.1969790399473643e+00
      -3.3936858402298703e-01</data></_>
  <_ type_id="opencv-matrix">
    <rows>3</rows>
    <cols>1</cols>
    <dt>d</dt>
    <data>
      1.8083709087457915e+00 1.9781584596030988e+00
      -3.2938553494923289e-01</data></_>
  <_ type_id="opencv-matrix">
    <rows>3</rows>
    <cols>1</cols>
    <dt>d</dt>
    <data>
      1.9881893868997449e+00 1.6863645689529461e+00
      -2.5694442462791961e-01</data></_>
  <_ type_id="opencv-matrix">
    <rows>3</rows>
    <cols>1</cols>
    <dt>d</dt>
    <data>
      2.2072408081363357e+00 1.9957683760597271e+00
      8.6669586877649016e-02</data></_>
  <_ type_id="opencv-matrix">
    <rows>3</rows>
    <cols>1</cols>
    <dt>d</dt>
    <data>
      -2.2400148192127110e+00 -2.1479762337012462e+00
      -3.4742462501900090e-01</data></_>
  <_ type_id="opencv-matrix">
    <rows>3</rows>
    <cols>1</cols>
    <dt>d</dt>
    <data>
      -2.1502662278725810e+00 -2.2197949189117274e+00
      -5.1779138189569074e-01</data></_>
  <_ type_id="opencv-matrix">
    <rows>3</rows>
    <cols>1</cols>
    <dt>d</dt>
    <data>
      2.0246600317247192e+00 2.1118587594183444e+00
      1.6409611910641542e-01</data></_>
  <_ type_id="opencv-matrix">
    <rows>3</rows>
    <cols>1</cols>
    <dt>d</dt>
    <data>
      1.8498740218539960e+00 2.0332733379417971e+00
      -5.6310582228386849e-02</data></_>
  <_ type_id="opencv-matrix">
    <rows>3</rows>
    <cols>1</cols>
    <dt>d</dt>
    <data>
      1.8256322274046328e+00 2.0898495710711891e+00
      -1.1495686251835474e-01</data></_>
  <_ type_id="opencv-matrix">
    <rows>3</rows>
    <cols>1</cols>
    <dt>d</dt>
    <data>
      1.9593740137852160e+00 2.1456049751119823e+00
      -2.0275126356562043e-01</data></_>
  <_ type_id="opencv-matrix">
    <rows>3</rows>
    <cols>1</cols>
    <dt>d</dt>
    <data>
      2.0488986841249410e+00 1.9579411298729972e+00
      -1.0769634106197432e-01</data></_>
  <_ type_id="opencv-matrix">
    <rows>3</rows>
    <cols>1</cols>
    <dt>d</dt>
    <data>
      2.0731177565736996e+00 1.9104974975650071e+00
      -1.0456300007922983e-01</data></_>
  <_ type_id="opencv-matrix">
    <rows>3</rows>
    <cols>1</cols>
    <dt>d</dt>
    <data>
      2.0734897226717002e+00 1.9066592570847001e+00
      -1.0361261241176661e-01</data></_>
  <_ type_id="opencv-matrix">
    <rows>3</rows>
    <cols>1</cols>
    <dt>d</dt>
    <data>
      2.0864675452565562e+00 1.8749252803468124e+00
      -9.1051823070841392e-02</data></_>
  <_ type_id="opencv-matrix">
    <rows>3</rows>
    <cols>1</cols>
    <dt>d</dt>
    <data>
      2.0849052606395309e+00 1.8746919803462214e+00
      -9.2080995620082193e-02</data></_>
  <_ type_id="opencv-matrix">
    <rows>3</rows>
    <cols>1</cols>
    <dt>d</dt>
    <data>
      1.8623992811258505e+00 2.0931169117297359e+00
      -2.0845236456507599e-01</data></_>
  <_ type_id="opencv-matrix">
    <rows>3</rows>
    <cols>1</cols>
    <dt>d</dt>
    <data>
      1.8672195939218110e+00 2.0916983362740549e+00
      -2.1319480155678214e-01</data></_>
  <_ type_id="opencv-matrix">
    <rows>3</rows>
    <cols>1</cols>
    <dt>d</dt>
    <data>
      1.8985201107167071e+00 2.0842547462348828e+00
      -2.5157379942401109e-01</data></_>
  <_ type_id="opencv-matrix">
    <rows>3</rows>
    <cols>1</cols>
    <dt>d</dt>
    <data>
      1.9049210192589270e+00 2.0923037342511326e+00
      -2.8249745066752563e-01</data></_>
  <_ type_id="opencv-matrix">
    <rows>3</rows>
    <cols>1</cols>
    <dt>d</dt>
    <data>
      1.9026525633890576e+00 2.0913112405595138e+00
      -2.9117366962289537e-01</data></_>
  <_ type_id="opencv-matrix">
    <rows>3</rows>
    <cols>1</cols>
    <dt>d</dt>
    <data>
      1.9016217717880097e+00 2.0906096198907909e+00
      -2.9770327471309588e-01</data></_>
  <_ type_id="opencv-matrix">
    <rows>3</rows>
    <cols>1</cols>
    <dt>d</dt>
    <data>
      1.9040212537894878e+00 2.0892185099603160e+00
      -2.9496397632201410e-01</data></_>
  <_ type_id="opencv-matrix">
    <rows>3</rows>
    <cols>1</cols>
    <dt>d</dt>
    <data>
      1.9095517307358767e+00 2.0878425126378324e+00
      -2.9008135500041615e-01</data></_>
  <_ type_id="opencv-matrix">
    <rows>3</rows>
    <cols>1</cols>
    <dt>d</dt>
    <data>
      1.9223028501218991e+00 2.0799382145208178e+00
      -2.5651307386020211e-01</data></_>
  <_ type_id="opencv-matrix">
    <rows>3</rows>
    <cols>1</cols>
    <dt>d</dt>
    <data>
      1.9235162214350459e+00 2.0793196954202382e+00
      -2.5673245335608685e-01</data></_>
  <_ type_id="opencv-matrix">
    <rows>3</rows>
    <cols>1</cols>
    <dt>d</dt>
    <data>
      1.9280238306389657e+00 2.0802007587103191e+00
      -2.5146297473975870e-01</data></_>
  <_ type_id="opencv-matrix">
    <rows>3</rows>
    <cols>1</cols>
    <dt>d</dt>
    <data>
      1.9365484739607270e+00 2.0852612314773302e+00
      -2.3902212064398798e-01</data></_>
  <_ type_id="opencv-matrix">
    <rows>3</rows>
    <cols>1</cols>
    <dt>d</dt>
    <data>
      2.0311974530157695e+00 1.9601358203783639e+00
      -1.7105711242013014e-01</data></_></rvecs>
