<?xml version="1.0"?>
<opencv_storage>
<calibration_date>"Tue Mar 12 13:38:06 2019&#x0a;"</calibration_date>
<width>640</width>
<height>480</height>
<camera_matrix type_id="opencv-matrix">
  <rows>3</rows>
  <cols>3</cols>
  <dt>d</dt>
  <data>
    7.9279469637921352e+02 0. 3.2320248258730720e+02 0.
    7.9859282016888142e+02 2.4705726525114136e+02 0. 0. 1.</data></camera_matrix>
<dist_coeffs type_id="opencv-matrix">
  <rows>5</rows>
  <cols>1</cols>
  <dt>d</dt>
  <data>
    -8.4404352605796706e-01 2.1306941089127069e+00
    -4.0944282912668592e-04 -1.1939899389077170e-02
    -4.2079435781391847e+00</data></dist_coeffs>
<rvecs>
  <_ type_id="opencv-matrix">
    <rows>3</rows>
    <cols>1</cols>
    <dt>d</dt>
    <data>
      -2.1356669607863514e+00 -2.1828167860891847e+00
      5.6043550298644607e-01</data></_>
  <_ type_id="opencv-matrix">
    <rows>3</rows>
    <cols>1</cols>
    <dt>d</dt>
    <data>
      -2.1383841880623624e+00 -2.1750335124308102e+00
      5.9499572621871899e-01</data></_>
  <_ type_id="opencv-matrix">
    <rows>3</rows>
    <cols>1</cols>
    <dt>d</dt>
    <data>
      1.9599897900514776e+00 2.1083346228508670e+00
      -5.3063341916758190e-02</data></_>
  <_ type_id="opencv-matrix">
    <rows>3</rows>
    <cols>1</cols>
    <dt>d</dt>
    <data>
      1.6857123090385830e+00 1.9434985913386751e+00
      3.4102335666249162e-01</data></_>
  <_ type_id="opencv-matrix">
    <rows>3</rows>
    <cols>1</cols>
    <dt>d</dt>
    <data>
      1.6365230136468849e+00 2.2123234524674076e+00
      -2.6231185268969559e-01</data></_>
  <_ type_id="opencv-matrix">
    <rows>3</rows>
    <cols>1</cols>
    <dt>d</dt>
    <data>
      1.7639344620885851e+00 2.0360404124232230e+00
      -2.9016529588737400e-01</data></_>
  <_ type_id="opencv-matrix">
    <rows>3</rows>
    <cols>1</cols>
    <dt>d</dt>
    <data>
      1.9767559428110639e+00 1.7286457916653286e+00
      -2.0923462166206927e-01</data></_>
  <_ type_id="opencv-matrix">
    <rows>3</rows>
    <cols>1</cols>
    <dt>d</dt>
    <data>
      2.1555167077664499e+00 1.8838316144227236e+00
      -1.8079662291182033e-02</data></_>
  <_ type_id="opencv-matrix">
    <rows>3</rows>
    <cols>1</cols>
    <dt>d</dt>
    <data>
      2.2788006176844258e+00 2.1725526855413722e+00
      3.2239344976050915e-01</data></_>
  <_ type_id="opencv-matrix">
    <rows>3</rows>
    <cols>1</cols>
    <dt>d</dt>
    <data>
      -2.1377384155327732e+00 -2.1773701287201686e+00
      -5.5179376763055343e-01</data></_>
  <_ type_id="opencv-matrix">
    <rows>3</rows>
    <cols>1</cols>
    <dt>d</dt>
    <data>
      2.0266440503054874e+00 2.1156295374510989e+00
      3.1350739890017804e-01</data></_>
  <_ type_id="opencv-matrix">
    <rows>3</rows>
    <cols>1</cols>
    <dt>d</dt>
    <data>
      1.8596216452427916e+00 2.0041955906437967e+00
      3.4043139902335826e-03</data></_>
  <_ type_id="opencv-matrix">
    <rows>3</rows>
    <cols>1</cols>
    <dt>d</dt>
    <data>
      1.8282004181775036e+00 2.0587532245932394e+00
      -7.6219540355103796e-02</data></_>
  <_ type_id="opencv-matrix">
    <rows>3</rows>
    <cols>1</cols>
    <dt>d</dt>
    <data>
      1.9635975121957669e+00 2.1216426198354030e+00
      -1.6295702134533960e-01</data></_>
  <_ type_id="opencv-matrix">
    <rows>3</rows>
    <cols>1</cols>
    <dt>d</dt>
    <data>
      2.0401528462947431e+00 1.9790219073787336e+00
      -7.5813886902699842e-02</data></_>
  <_ type_id="opencv-matrix">
    <rows>3</rows>
    <cols>1</cols>
    <dt>d</dt>
    <data>
      2.0757655115574707e+00 1.9052008283487201e+00
      -1.0475178338144472e-01</data></_>
  <_ type_id="opencv-matrix">
    <rows>3</rows>
    <cols>1</cols>
    <dt>d</dt>
    <data>
      2.0773015075553527e+00 1.9029686926273357e+00
      -1.0831499857314711e-01</data></_>
  <_ type_id="opencv-matrix">
    <rows>3</rows>
    <cols>1</cols>
    <dt>d</dt>
    <data>
      2.0860405180388426e+00 1.8614834285546884e+00
      -1.0684060643671865e-01</data></_>
  <_ type_id="opencv-matrix">
    <rows>3</rows>
    <cols>1</cols>
    <dt>d</dt>
    <data>
      2.0863908605644674e+00 1.8582326081035414e+00
      -1.0352874499140827e-01</data></_>
  <_ type_id="opencv-matrix">
    <rows>3</rows>
    <cols>1</cols>
    <dt>d</dt>
    <data>
      1.8589990242575651e+00 2.0757950425602321e+00
      -1.5924295045390702e-01</data></_>
  <_ type_id="opencv-matrix">
    <rows>3</rows>
    <cols>1</cols>
    <dt>d</dt>
    <data>
      1.8621624168379598e+00 2.0740192203068988e+00
      -1.6065300119633791e-01</data></_>
  <_ type_id="opencv-matrix">
    <rows>3</rows>
    <cols>1</cols>
    <dt>d</dt>
    <data>
      1.9134779506510073e+00 2.0403320749804972e+00
      -2.1370519465640148e-01</data></_>
  <_ type_id="opencv-matrix">
    <rows>3</rows>
    <cols>1</cols>
    <dt>d</dt>
    <data>
      1.9158915469013311e+00 2.0602595724576367e+00
      -2.3367505721274856e-01</data></_>
  <_ type_id="opencv-matrix">
    <rows>3</rows>
    <cols>1</cols>
    <dt>d</dt>
    <data>
      1.9175301846068376e+00 2.0602745021623412e+00
      -2.3681354729285445e-01</data></_>
  <_ type_id="opencv-matrix">
    <rows>3</rows>
    <cols>1</cols>
    <dt>d</dt>
    <data>
      1.9141158849855984e+00 2.0603518186262617e+00
      -2.4441051038976758e-01</data></_>
  <_ type_id="opencv-matrix">
    <rows>3</rows>
    <cols>1</cols>
    <dt>d</dt>
    <data>
      1.9087122517098973e+00 2.0576644656752339e+00
      -2.5721402810507121e-01</data></_>
  <_ type_id="opencv-matrix">
    <rows>3</rows>
    <cols>1</cols>
    <dt>d</dt>
    <data>
      1.9054279916764374e+00 2.0553573049624778e+00
      -2.6540623383680972e-01</data></_>
  <_ type_id="opencv-matrix">
    <rows>3</rows>
    <cols>1</cols>
    <dt>d</dt>
    <data>
      1.9253555686161052e+00 2.0489427667428251e+00
      -2.5263892964316137e-01</data></_>
  <_ type_id="opencv-matrix">
    <rows>3</rows>
    <cols>1</cols>
    <dt>d</dt>
    <data>
      1.9306982076178114e+00 2.0490665803345562e+00
      -2.4601756192514285e-01</data></_>
  <_ type_id="opencv-matrix">
    <rows>3</rows>
    <cols>1</cols>
    <dt>d</dt>
    <data>
      1.9300461969332294e+00 2.0478745080190079e+00
      -2.3961530242784382e-01</data></_>
  <_ type_id="opencv-matrix">
    <rows>3</rows>
    <cols>1</cols>
    <dt>d</dt>
    <data>
      1.9289068158875540e+00 2.0465896312241711e+00
      -2.3481669002886307e-01</data></_>
  <_ type_id="opencv-matrix">
    <rows>3</rows>
    <cols>1</cols>
    <dt>d</dt>
    <data>
      2.0519024849276208e+00 1.9254412468948909e+00
      -1.4044325712013286e-01</data></_></rvecs>
