<?xml version="1.0"?>
<opencv_storage>
<calibration_date>"Tue Mar 12 13:38:11 2019&#x0a;"</calibration_date>
<width>640</width>
<height>480</height>
<camera_matrix_l type_id="opencv-matrix">
  <rows>3</rows>
  <cols>3</cols>
  <dt>d</dt>
  <data>
    6.5867735380645263e+02 0. 3.1032216997551006e+02 0.
    6.5786242404787276e+02 2.3578877194842542e+02 0. 0. 1.</data></camera_matrix_l>
<dist_coeffs_l type_id="opencv-matrix">
  <rows>5</rows>
  <cols>1</cols>
  <dt>d</dt>
  <data>
    -5.2455429203093762e-01 5.9495443755817290e-01
    3.3834052604977860e-03 6.0506822122165967e-03
    -7.8116674046712076e-01</data></dist_coeffs_l>
<camera_matrix_r type_id="opencv-matrix">
  <rows>3</rows>
  <cols>3</cols>
  <dt>d</dt>
  <data>
    7.9279469637921352e+02 0. 3.2320248258730720e+02 0.
    7.9859282016888142e+02 2.4705726525114136e+02 0. 0. 1.</data></camera_matrix_r>
<dist_coeffs_r type_id="opencv-matrix">
  <rows>5</rows>
  <cols>1</cols>
  <dt>d</dt>
  <data>
    -8.4404352605796706e-01 2.1306941089127069e+00
    -4.0944282912668592e-04 -1.1939899389077170e-02
    -4.2079435781391847e+00</data></dist_coeffs_r>
<R type_id="opencv-matrix">
  <rows>3</rows>
  <cols>3</cols>
  <dt>d</dt>
  <data>
    9.9983262026928466e-01 -1.1137122873526365e-02
    1.4515369080955954e-02 1.1339435195542712e-02 9.9983866154135226e-01
    -1.3930832589737747e-02 -1.4357877799399305e-02
    1.4093096937763108e-02 9.9979759749851382e-01</data></R>
<F type_id="opencv-matrix">
  <rows>3</rows>
  <cols>3</cols>
  <dt>d</dt>
  <data>
    4.5840854340537599e-07 4.7636795779436700e-05
    -8.1277469155998337e-03 -4.7365148903690564e-05
    7.3350714954007767e-07 2.3763806532181488e-02 6.9878610564226215e-03
    -2.7290534147577629e-02 1.</data></F>
<E type_id="opencv-matrix">
  <rows>3</rows>
  <cols>3</cols>
  <dt>d</dt>
  <data>
    -1.1315621088481820e-03 -1.1744393224846113e-01
    -1.2167434043810642e-02 1.1777395662472266e-01
    -1.8216169499040602e-03 -3.4874649525420777e-02
    1.4216407426877891e-02 3.6424609232367684e-02
    -3.0928070743916106e-04</data></E>
<T>
  3.6584247110546371e-02 -1.3803873216171882e-02 1.1726831281394665e-01</T>
<R1 type_id="opencv-matrix">
  <rows>3</rows>
  <cols>3</cols>
  <dt>d</dt>
  <data>
    2.8101532060680900e-01 -1.0157632096338363e-01
    9.5431265348616012e-01 1.1167642314822093e-01 9.9108870249811376e-01
    7.2605511453503677e-02 -9.5318349025624216e-01
    8.6170962627494282e-02 2.8985478968404010e-01</data></R1>
<R2 type_id="opencv-matrix">
  <rows>3</rows>
  <cols>3</cols>
  <dt>d</dt>
  <data>
    2.9595175268970331e-01 -1.1166774759333038e-01
    9.4865318964694623e-01 1.0167374991636345e-01 9.9118369411247775e-01
    8.4954888637952378e-02 -9.4977629400708741e-01
    7.1310578969563554e-02 3.0469623015257041e-01</data></R2>
<P1 type_id="opencv-matrix">
  <rows>3</rows>
  <cols>4</cols>
  <dt>d</dt>
  <data>
    5.3028455418181318e+02 0. 1.8349747657775879e+02 0. 0.
    5.3028455418181318e+02 3.4412002563476562e+02 0. 0. 0. 1. 0.</data></P1>
<P2 type_id="opencv-matrix">
  <rows>3</rows>
  <cols>4</cols>
  <dt>d</dt>
  <data>
    5.3028455418181318e+02 0. 1.8349747657775879e+02
    6.5551431923546573e+01 0. 5.3028455418181318e+02
    3.4412002563476562e+02 0. 0. 0. 1. 0.</data></P2>
<Q type_id="opencv-matrix">
  <rows>4</rows>
  <cols>4</cols>
  <dt>d</dt>
  <data>
    1. 0. 0. -1.8349747657775879e+02 0. 1. 0. -3.4412002563476562e+02 0.
    0. 0. 5.3028455418181318e+02 0. 0. -8.0895952784111635e+00 0.</data></Q>
</opencv_storage>
