<?xml version="1.0"?>
<opencv_storage>
<calibration_date>"Wed Apr 10 19:27:31 2019&#x0a;"</calibration_date>
<width>800</width>
<height>600</height>
<camera_matrix_l type_id="opencv-matrix">
  <rows>3</rows>
  <cols>3</cols>
  <dt>d</dt>
  <data>
    1.1139285083664975e+03 0. 4.0072380784868437e+02 0.
    1.1130513732175759e+03 2.9857484350718875e+02 0. 0. 1.</data></camera_matrix_l>
<dist_coeffs_l type_id="opencv-matrix">
  <rows>5</rows>
  <cols>1</cols>
  <dt>d</dt>
  <data>
    -3.1172916034134315e-02 2.4329293571125352e-01
    4.7384877410145592e-04 4.2856707113645695e-04 1.5240149436084080e-01</data></dist_coeffs_l>
<camera_matrix_r type_id="opencv-matrix">
  <rows>3</rows>
  <cols>3</cols>
  <dt>d</dt>
  <data>
    1.1112340935401392e+03 0. 3.9951964532948665e+02 0.
    1.1099210273836500e+03 2.9972373121401489e+02 0. 0. 1.</data></camera_matrix_r>
<dist_coeffs_r type_id="opencv-matrix">
  <rows>5</rows>
  <cols>1</cols>
  <dt>d</dt>
  <data>
    -2.6333204435561624e-02 2.3589758543299635e-01
    1.8744478206426444e-04 -1.3470279291472029e-04
    -8.4279983996739838e-01</data></dist_coeffs_r>
<R type_id="opencv-matrix">
  <rows>3</rows>
  <cols>3</cols>
  <dt>d</dt>
  <data>
    9.9999950761118006e-01 -9.9352598603250566e-05
    9.8737351522984853e-04 1.0053022076236236e-04 9.9999928367578506e-01
    -1.1927034801267791e-03 -9.8725430976017402e-04
    1.1928021537303834e-03 9.9999880127525642e-01</data></R>
<F type_id="opencv-matrix">
  <rows>3</rows>
  <cols>3</cols>
  <dt>d</dt>
  <data>
    -3.3711338105453725e-09 -9.4380895422111188e-05
    2.1413796273326839e-02 9.5800010523074163e-05
    -1.6891847204152028e-06 -1.6052653547420030e+00
    -2.1679243778154389e-02 1.6012891850076687e+00 1.</data></F>
<E type_id="opencv-matrix">
  <rows>3</rows>
  <cols>3</cols>
  <dt>d</dt>
  <data>
    4.7883144495444759e-06 1.3395183143977929e-01 8.6291057213490514e-03
    -1.3591229627260615e-01 2.3945738119494349e-03
    1.9962286043271564e+00 -8.9895591936475297e-03
    -1.9963609444113009e+00 2.3723914969046331e-03</data></E>
<T>
  -1.9963632476515796e+00 8.7888686831799293e-03 -1.3394144400378485e-01</T>
<R1 type_id="opencv-matrix">
  <rows>3</rows>
  <cols>3</cols>
  <dt>d</dt>
  <data>
    9.9768020678401759e-01 -4.4117995161328276e-03
    6.7931885123477184e-02 4.4523527496833125e-03 9.9998998895810531e-01
    -4.4557666111303974e-04 -6.7929239259631333e-02
    7.4699973091807350e-04 9.9768986185337660e-01</data></R1>
<R2 type_id="opencv-matrix">
  <rows>3</rows>
  <cols>3</cols>
  <dt>d</dt>
  <data>
    9.9774722800539573e-01 -4.3925219402138910e-03
    6.6941577203959407e-02 4.3525590028190104e-03 9.9999025167790068e-01
    7.4281848112199480e-04 -6.6944187482378917e-02
    -4.4977791592865210e-04 9.9775662035495938e-01</data></R2>
<P1 type_id="opencv-matrix">
  <rows>3</rows>
  <cols>4</cols>
  <dt>d</dt>
  <data>
    1.1503254641574308e+03 0. 3.1609667968750000e+02 0. 0.
    1.1503254641574308e+03 2.9909393692016602e+02 0. 0. 0. 1. 0.</data></P1>
<P2 type_id="opencv-matrix">
  <rows>3</rows>
  <cols>4</cols>
  <dt>d</dt>
  <data>
    1.1503254641574308e+03 0. 3.1567685699462891e+02
    -2.3016525779505546e+03 0. 1.1503254641574308e+03
    2.9909393692016602e+02 0. 0. 0. 1. 0.</data></P2>
<Q type_id="opencv-matrix">
  <rows>4</rows>
  <cols>4</cols>
  <dt>d</dt>
  <data>
    1. 0. 0. -3.1609667968750000e+02 0. 1. 0. -2.9909393692016602e+02 0.
    0. 0. 1.1503254641574308e+03 0. 0. 4.9978240642282656e-01
    -2.0981999571402649e-01</data></Q>
</opencv_storage>
