<?xml version="1.0"?>
<opencv_storage>
<calibration_date>"Tue Apr  9 21:49:01 2019&#x0a;"</calibration_date>
<width>800</width>
<height>600</height>
<camera_matrix_l type_id="opencv-matrix">
  <rows>3</rows>
  <cols>3</cols>
  <dt>d</dt>
  <data>
    1.0962502271262979e+03 0. 3.9705579456535230e+02 0.
    1.0965299934067807e+03 3.0633294418288176e+02 0. 0. 1.</data></camera_matrix_l>
<dist_coeffs_l type_id="opencv-matrix">
  <rows>5</rows>
  <cols>1</cols>
  <dt>d</dt>
  <data>
    5.3656499386934203e-02 -9.6443656749440498e-01
    -3.5183508667467047e-04 -1.2955453866837093e-03
    4.3635096583403676e+00</data></dist_coeffs_l>
<camera_matrix_r type_id="opencv-matrix">
  <rows>3</rows>
  <cols>3</cols>
  <dt>d</dt>
  <data>
    1.1797113091447129e+03 0. 4.0088678876788890e+02 0.
    1.1802660101755901e+03 1.9199750646839371e+02 0. 0. 1.</data></camera_matrix_r>
<dist_coeffs_r type_id="opencv-matrix">
  <rows>5</rows>
  <cols>1</cols>
  <dt>d</dt>
  <data>
    -7.1632939498299117e-02 5.8151712579153947e-01
    5.9006866506353388e-04 -2.1351615716439830e-03
    -2.0016227414592307e+00</data></dist_coeffs_r>
<R type_id="opencv-matrix">
  <rows>3</rows>
  <cols>3</cols>
  <dt>d</dt>
  <data>
    9.9999539204497101e-01 -1.0644321340480651e-03
    -2.8430394046960621e-03 1.3427012421458500e-03
    9.9501237543391496e-01 9.9742517948626694e-02 2.7226902502834670e-03
    -9.9745875692129657e-02 9.9500921967598432e-01</data></R>
<F type_id="opencv-matrix">
  <rows>3</rows>
  <cols>3</cols>
  <dt>d</dt>
  <data>
    -3.4109495197010030e-08 -2.7820499540374775e-05
    6.8050587480446801e-03 2.8005591127759789e-05
    -6.3466735347159712e-06 5.9835954999880488e-02
    -6.8848168890678508e-03 -6.2002256426611196e-02
    9.9999999999999989e-01</data></F>
<E type_id="opencv-matrix">
  <rows>3</rows>
  <cols>3</cols>
  <dt>d</dt>
  <data>
    -5.4119055832628701e-03 -4.4152028567304153e+00
    -2.5050544330277402e-01 4.4455328178328255e+00
    -1.0077111294602414e+00 9.9928901208639225e+00
    -2.0462914979070754e-01 -1.0005279455931715e+01
    -1.0024311326583770e+00</data></E>
<T>
  -1.0055636639381810e+01 1.9112831469512115e-01 4.4181747927451429e+00</T>
<R1 type_id="opencv-matrix">
  <rows>3</rows>
  <cols>3</cols>
  <dt>d</dt>
  <data>
    9.1426530787734583e-01 2.1831019201504848e-02
    -4.0452732097173072e-01 -1.5488230509880295e-03
    9.9872803139066813e-01 5.0397623571725114e-02 4.0511300640574210e-01
    -4.5450257591614404e-02 9.1313620349089064e-01</data></R1>
<R2 type_id="opencv-matrix">
  <rows>3</rows>
  <cols>3</cols>
  <dt>d</dt>
  <data>
    9.1538794445936422e-01 -1.7398854134361926e-02
    -4.0219670686527403e-01 -2.7551765535853015e-03
    9.9877145719350280e-01 -4.9477118931132380e-02
    4.0256343616952905e-01 4.6398881132825184e-02 9.1421541427007436e-01</data></R2>
<P1 type_id="opencv-matrix">
  <rows>3</rows>
  <cols>4</cols>
  <dt>d</dt>
  <data>
    2.2257772143594339e+03 0. 9.5976858901977539e+02 0. 0.
    2.2257772143594339e+03 2.4547115707397461e+02 0. 0. 0. 1. 0.</data></P1>
<P2 type_id="opencv-matrix">
  <rows>3</rows>
  <cols>4</cols>
  <dt>d</dt>
  <data>
    2.2257772143594339e+03 0. 9.5012886238098145e+02
    -2.4450406019966395e+04 0. 2.2257772143594339e+03
    2.4547115707397461e+02 0. 0. 0. 1. 0.</data></P2>
<Q type_id="opencv-matrix">
  <rows>4</rows>
  <cols>4</cols>
  <dt>d</dt>
  <data>
    1. 0. 0. -9.5976858901977539e+02 0. 1. 0. -2.4547115707397461e+02 0.
    0. 0. 2.2257772143594339e+03 0. 0. 9.1032321203249000e-02
    -8.7752669169420627e-01</data></Q>
</opencv_storage>
