<?xml version="1.0"?>
<opencv_storage>
<calibration_date>"Wed Mar 13 20:07:53 2019&#x0a;"</calibration_date>
<width>640</width>
<height>480</height>
<preFilterCap>30</preFilterCap>
<PreFilterSize>5</PreFilterSize>
<PreFilterType>1</PreFilterType>
<TextureThreshold>4811</TextureThreshold>
<uniquenessRatio>0</uniquenessRatio>
<blockSize>93</blockSize>
<disp12MaxDiff>100</disp12MaxDiff>
<minDisparity>-47</minDisparity>
<numDisparities>64</numDisparities>
<camera_matrix_l type_id="opencv-matrix">
  <rows>3</rows>
  <cols>3</cols>
  <dt>d</dt>
  <data>
    6.7032521422650427e+02 0. 3.0043582855350581e+02 0.
    6.7155977842025095e+02 2.4179332492772207e+02 0. 0. 1.</data></camera_matrix_l>
<dist_coeffs_l type_id="opencv-matrix">
  <rows>5</rows>
  <cols>1</cols>
  <dt>d</dt>
  <data>
    -6.0155981550876447e-01 1.0220391887409097e+00
    -4.6443231372806657e-03 6.5129598791594297e-03
    -1.4584824877814930e+00</data></dist_coeffs_l>
<camera_matrix_r type_id="opencv-matrix">
  <rows>3</rows>
  <cols>3</cols>
  <dt>d</dt>
  <data>
    6.4753265150621473e+02 0. 2.9359338140795251e+02 0.
    6.4470441525867204e+02 2.2324975206417923e+02 0. 0. 1.</data></camera_matrix_r>
<dist_coeffs_r type_id="opencv-matrix">
  <rows>5</rows>
  <cols>1</cols>
  <dt>d</dt>
  <data>
    -4.9926950309117829e-01 5.8247350370774953e-01
    6.4114346501825126e-03 1.1481051665294638e-02
    -8.6422263164611757e-01</data></dist_coeffs_r>
<R type_id="opencv-matrix">
  <rows>3</rows>
  <cols>3</cols>
  <dt>d</dt>
  <data>
    9.9979095554381747e-01 2.0410917212620158e-02
    -1.1998630421528288e-03 -2.0390841849391286e-02
    9.9968154641950080e-01 1.4866718433750906e-02 1.5029243006455953e-03
    -1.4839144411147235e-02 9.9988876431915752e-01</data></R>
<F type_id="opencv-matrix">
  <rows>3</rows>
  <cols>3</cols>
  <dt>d</dt>
  <data>
    2.2779983122915820e-06 -1.1513510497814563e-04
    -1.5761872363195574e-02 1.1657939946871014e-04
    4.4998688665131743e-06 -1.3213275425086973e-01
    1.1756924259201463e-02 1.2569121667248273e-01 1.</data></F>
<E type_id="opencv-matrix">
  <rows>3</rows>
  <cols>3</cols>
  <dt>d</dt>
  <data>
    -7.2506759063395515e-02 3.6714023205192632e+00
    2.0378049869554902e+00 -3.6944167212320935e+00
    -1.4286407934109957e-01 4.5394225346939212e+00
    -1.8900919758849679e+00 -4.5745154211300258e+00
    -6.5048465494502800e-02</data></E>
<T>
  -4.5354851409750996e+00 1.9829888689345778e+00 -3.7020070961258758e+00</T>
<R1 type_id="opencv-matrix">
  <rows>3</rows>
  <cols>3</cols>
  <dt>d</dt>
  <data>
    7.4103832507721035e-01 -3.1461626027802286e-01
    5.9319373693207023e-01 3.0819622215460141e-01 9.4424882529822174e-01
    1.1579829261504680e-01 -5.9655451504149593e-01
    9.7009095921979538e-02 7.9668811080121305e-01</data></R1>
<R2 type_id="opencv-matrix">
  <rows>3</rows>
  <cols>3</cols>
  <dt>d</dt>
  <data>
    7.3375005743947752e-01 -3.2080762063080476e-01
    5.9891011324969723e-01 3.2726583795255704e-01 9.3938528606580862e-01
    1.0223676262612072e-01 -5.9540568062185484e-01
    1.2098658962158074e-01 7.9426338239589334e-01</data></R2>
<P1 type_id="opencv-matrix">
  <rows>3</rows>
  <cols>4</cols>
  <dt>d</dt>
  <data>
    5.2079783325932692e+02 0. 9.1547292709350586e+01 0. 0.
    5.2079783325932692e+02 1.4689564228057861e+02 0. 0. 0. 1. 0.</data></P1>
<P2 type_id="opencv-matrix">
  <rows>3</rows>
  <cols>4</cols>
  <dt>d</dt>
  <data>
    5.2079783325932692e+02 0. 9.1547292709350586e+01
    -3.2191763533790754e+03 0. 5.2079783325932692e+02
    1.4689564228057861e+02 0. 0. 0. 1. 0.</data></P2>
<Q type_id="opencv-matrix">
  <rows>4</rows>
  <cols>4</cols>
  <dt>d</dt>
  <data>
    1. 0. 0. -9.1547292709350586e+01 0. 1. 0. -1.4689564228057861e+02 0.
    0. 0. 5.2079783325932692e+02 0. 0. 1.6177983934078685e-01 0.</data></Q>
</opencv_storage>
