<?xml version="1.0"?>
<opencv_storage>
<calibration_date>"Wed Mar 13 20:07:53 2019&#x0a;"</calibration_date>
<width>640</width>
<height>480</height>
<preFilterCap>63</preFilterCap>
<PreFilterSize>5</PreFilterSize>
<PreFilterType>0</PreFilterType>
<TextureThreshold>0</TextureThreshold>
<uniquenessRatio>0</uniquenessRatio>
<blockSize>5</blockSize>
<disp12MaxDiff>100</disp12MaxDiff>
<minDisparity>5</minDisparity>
<numDisparities>112</numDisparities>
<camera_matrix_l type_id="opencv-matrix">
  <rows>3</rows>
  <cols>3</cols>
  <dt>d</dt>
  <data>
    6.7032525271116583e+02 0. 3.0043582987611904e+02 0.
    6.7155982772555581e+02 2.4179333125601713e+02 0. 0. 1.</data></camera_matrix_l>
<dist_coeffs_l type_id="opencv-matrix">
  <rows>5</rows>
  <cols>1</cols>
  <dt>d</dt>
  <data>
    -6.0155992163521854e-01 1.0220395206751614e+00
    -4.6443255203121175e-03 6.5129564121994311e-03
    -1.4584829813258489e+00</data></dist_coeffs_l>
<camera_matrix_r type_id="opencv-matrix">
  <rows>3</rows>
  <cols>3</cols>
  <dt>d</dt>
  <data>
    6.4753263281245813e+02 0. 2.9359337696485721e+02 0.
    6.4470439887312864e+02 2.2324975009521341e+02 0. 0. 1.</data></camera_matrix_r>
<dist_coeffs_r type_id="opencv-matrix">
  <rows>5</rows>
  <cols>1</cols>
  <dt>d</dt>
  <data>
    -4.9926936583534604e-01 5.8247251263429445e-01
    6.4114339839689847e-03 1.1481053544873873e-02
    -8.6422030336742706e-01</data></dist_coeffs_r>
<R type_id="opencv-matrix">
  <rows>3</rows>
  <cols>3</cols>
  <dt>d</dt>
  <data>
    9.9979095552704422e-01 2.0410917985879511e-02
    -1.1998638646136953e-03 -2.0390842596014765e-02
    9.9968154626232764e-01 1.4866727978486857e-02 1.5029253289685440e-03
    -1.4839153935972037e-02 9.9988876417625583e-01</data></R>
<F type_id="opencv-matrix">
  <rows>3</rows>
  <cols>3</cols>
  <dt>d</dt>
  <data>
    2.2779935366423672e-06 -1.1513485537150878e-04
    -1.5761790463758286e-02 1.1657914782334175e-04
    4.4998576145482477e-06 -1.3213234252297643e-01
    1.1756851548264488e-02 1.2569081346834626e-01 1.</data></F>
<E type_id="opencv-matrix">
  <rows>3</rows>
  <cols>3</cols>
  <dt>d</dt>
  <data>
    -7.2506855860691541e-02 3.6714070180622422e+00
    2.0378052105233859e+00 -3.6944214364628989e+00
    -1.4286421511684319e-01 4.5394220959016067e+00
    -1.8900920999081356e+00 -4.5745149776062437e+00
    -6.5048500367595061e-02</data></E>
<T>
  -4.5354846940727622e+00 1.9829889872893325e+00 -3.7020118163978051e+00</T>
<R1 type_id="opencv-matrix">
  <rows>3</rows>
  <cols>3</cols>
  <dt>d</dt>
  <data>
    7.4103795101659575e-01 -3.1461616818018096e-01
    5.9319425306786766e-01 3.0819611935833824e-01 9.4424884811871612e-01
    1.1579838012225649e-01 -5.9655503280551259e-01
    9.7009172484347067e-02 7.9668771378019620e-01</data></R1>
<R2 type_id="opencv-matrix">
  <rows>3</rows>
  <cols>3</cols>
  <dt>d</dt>
  <data>
    7.3374968397397589e-01 -3.2080750810358238e-01
    5.9891063107316811e-01 3.2726573616832144e-01 9.3938531300282879e-01
    1.0223684093703185e-01 -5.9540619680878126e-01
    1.2098667884914965e-01 7.9426298185346367e-01</data></R2>
<P1 type_id="opencv-matrix">
  <rows>3</rows>
  <cols>4</cols>
  <dt>d</dt>
  <data>
    2.2926362548567317e+03 0. 1.2246257781982422e+02 0. 0.
    2.2926362548567317e+03 1.4689558982849121e+02 0. 0. 0. 1. 0.</data></P1>
<P2 type_id="opencv-matrix">
  <rows>3</rows>
  <cols>4</cols>
  <dt>d</dt>
  <data>
    2.2926362548567317e+03 0. 6.0628248214721680e+01
    -1.4171340540363088e+04 0. 2.2926362548567317e+03
    1.4689558982849121e+02 0. 0. 0. 1. 0.</data></P2>
<Q type_id="opencv-matrix">
  <rows>4</rows>
  <cols>4</cols>
  <dt>d</dt>
  <data>
    1. 0. 0. -1.2246257781982422e+02 0. 1. 0. -1.4689558982849121e+02 0.
    0. 0. 2.2926362548567317e+03 0. 0. 1.6177977293868567e-01
    -1.0003543803329338e+01</data></Q>
</opencv_storage>
