<?xml version="1.0"?>
<opencv_storage>
<calibration_date>"Wed Mar 13 11:00:50 2019&#x0a;"</calibration_date>
<width>640</width>
<height>480</height>
<camera_matrix type_id="opencv-matrix">
  <rows>3</rows>
  <cols>3</cols>
  <dt>d</dt>
  <data>
    6.4753265150621473e+02 0. 2.9359338140795251e+02 0.
    6.4470441525867204e+02 2.2324975206417923e+02 0. 0. 1.</data></camera_matrix>
<dist_coeffs type_id="opencv-matrix">
  <rows>5</rows>
  <cols>1</cols>
  <dt>d</dt>
  <data>
    -4.9926950309117829e-01 5.8247350370774953e-01
    6.4114346501825126e-03 1.1481051665294638e-02
    -8.6422263164611757e-01</data></dist_coeffs>
<rvecs>
  <_ type_id="opencv-matrix">
    <rows>3</rows>
    <cols>1</cols>
    <dt>d</dt>
    <data>
      -2.1386330143483652e+00 -2.1315645908294694e+00
      7.5326217754844516e-01</data></_>
  <_ type_id="opencv-matrix">
    <rows>3</rows>
    <cols>1</cols>
    <dt>d</dt>
    <data>
      1.8442618326938585e+00 2.0697368258473161e+00
      -1.0185054191227744e-01</data></_>
  <_ type_id="opencv-matrix">
    <rows>3</rows>
    <cols>1</cols>
    <dt>d</dt>
    <data>
      1.8473672112334683e+00 2.0798601143447772e+00
      -1.0269061130833385e-01</data></_>
  <_ type_id="opencv-matrix">
    <rows>3</rows>
    <cols>1</cols>
    <dt>d</dt>
    <data>
      1.8270224635982937e+00 2.1034895084755809e+00
      -1.4656724257642131e-01</data></_>
  <_ type_id="opencv-matrix">
    <rows>3</rows>
    <cols>1</cols>
    <dt>d</dt>
    <data>
      1.9269483916697789e+00 2.1598524100804126e+00
      -1.2570348046473770e-01</data></_>
  <_ type_id="opencv-matrix">
    <rows>3</rows>
    <cols>1</cols>
    <dt>d</dt>
    <data>
      1.9590191783338102e+00 2.1563435521330034e+00
      -2.2363691185670398e-01</data></_>
  <_ type_id="opencv-matrix">
    <rows>3</rows>
    <cols>1</cols>
    <dt>d</dt>
    <data>
      1.9618234584390424e+00 2.1601819737941157e+00
      -2.2459425540256789e-01</data></_>
  <_ type_id="opencv-matrix">
    <rows>3</rows>
    <cols>1</cols>
    <dt>d</dt>
    <data>
      2.0463490426485467e+00 1.9573986688908980e+00
      -1.4479363263004938e-01</data></_>
  <_ type_id="opencv-matrix">
    <rows>3</rows>
    <cols>1</cols>
    <dt>d</dt>
    <data>
      2.0508058058167937e+00 1.9508715662382550e+00
      -1.4766881820481748e-01</data></_>
  <_ type_id="opencv-matrix">
    <rows>3</rows>
    <cols>1</cols>
    <dt>d</dt>
    <data>
      2.0826488432162771e+00 1.8886320667378367e+00
      -1.2723665145688065e-01</data></_>
  <_ type_id="opencv-matrix">
    <rows>3</rows>
    <cols>1</cols>
    <dt>d</dt>
    <data>
      1.8365501497184040e+00 2.1190596627861775e+00
      -2.1013602116705130e-01</data></_>
  <_ type_id="opencv-matrix">
    <rows>3</rows>
    <cols>1</cols>
    <dt>d</dt>
    <data>
      -2.1295353519716360e+00 -2.1206068579424788e+00
      7.5687695972960212e-01</data></_>
  <_ type_id="opencv-matrix">
    <rows>3</rows>
    <cols>1</cols>
    <dt>d</dt>
    <data>
      1.8569632700325938e+00 2.1117265299402876e+00
      -2.2282682814638941e-01</data></_>
  <_ type_id="opencv-matrix">
    <rows>3</rows>
    <cols>1</cols>
    <dt>d</dt>
    <data>
      1.8614566797657630e+00 2.1084743367961050e+00
      -2.2970796173750790e-01</data></_>
  <_ type_id="opencv-matrix">
    <rows>3</rows>
    <cols>1</cols>
    <dt>d</dt>
    <data>
      1.8643237456897661e+00 2.1035780882228163e+00
      -2.3240475482710321e-01</data></_>
  <_ type_id="opencv-matrix">
    <rows>3</rows>
    <cols>1</cols>
    <dt>d</dt>
    <data>
      1.8693755176098028e+00 2.1024123957717022e+00
      -2.3619702935478762e-01</data></_>
  <_ type_id="opencv-matrix">
    <rows>3</rows>
    <cols>1</cols>
    <dt>d</dt>
    <data>
      1.8758292767030140e+00 2.1047409909830406e+00
      -2.3238985407637650e-01</data></_>
  <_ type_id="opencv-matrix">
    <rows>3</rows>
    <cols>1</cols>
    <dt>d</dt>
    <data>
      -2.1206105889048148e+00 -2.1083443301924691e+00
      7.5351323688828264e-01</data></_>
  <_ type_id="opencv-matrix">
    <rows>3</rows>
    <cols>1</cols>
    <dt>d</dt>
    <data>
      1.5515235599076300e+00 1.8638355880321646e+00
      3.6962093491760861e-01</data></_>
  <_ type_id="opencv-matrix">
    <rows>3</rows>
    <cols>1</cols>
    <dt>d</dt>
    <data>
      1.6497304813928260e+00 2.1868574582197287e+00
      -3.5639329832565075e-01</data></_>
  <_ type_id="opencv-matrix">
    <rows>3</rows>
    <cols>1</cols>
    <dt>d</dt>
    <data>
      1.8812095178426593e+00 1.8734526809930259e+00
      -3.4586574934820508e-01</data></_>
  <_ type_id="opencv-matrix">
    <rows>3</rows>
    <cols>1</cols>
    <dt>d</dt>
    <data>
      2.1433057756560938e+00 1.8935543671303010e+00
      -1.0445449301491043e-01</data></_>
  <_ type_id="opencv-matrix">
    <rows>3</rows>
    <cols>1</cols>
    <dt>d</dt>
    <data>
      2.1457171608283576e+00 1.8921866585448679e+00
      -1.0593669839589112e-01</data></_>
  <_ type_id="opencv-matrix">
    <rows>3</rows>
    <cols>1</cols>
    <dt>d</dt>
    <data>
      2.1577493262452996e+00 1.9012681389017727e+00
      -9.1673038189958658e-02</data></_>
  <_ type_id="opencv-matrix">
    <rows>3</rows>
    <cols>1</cols>
    <dt>d</dt>
    <data>
      -2.1431024739589488e+00 -2.1276633217861671e+00
      -5.7783571077055673e-01</data></_></rvecs>
